0.000000 0.000000 1.000000 0.000000
-0.012215 -0.349787 0.999391 -0.034899
-0.036630 -0.698934 0.997564 -0.069756
-0.073215 -1.047017 0.994522 -0.104528
-0.121925 -1.393611 0.990268 -0.139173
-0.182702 -1.738293 0.984808 -0.173648
-0.255471 -2.080645 0.978148 -0.207912
-0.340144 -2.420249 0.970296 -0.241922
-0.436617 -2.756690 0.961262 -0.275637
-0.544773 -3.089560 0.951057 -0.309017
-0.664480 -3.418452 0.939693 -0.342020
-0.795592 -3.742967 0.927184 -0.374607
-0.937950 -4.062708 0.913545 -0.406737
-1.091380 -4.377286 0.898794 -0.438371
-1.255695 -4.686317 0.882948 -0.469472
-1.430695 -4.989426 0.866025 -0.500000
-1.616167 -5.286243 0.848048 -0.529919
-1.811884 -5.576406 0.829038 -0.559193
-2.017609 -5.859562 0.809017 -0.587785
-2.233091 -6.135366 0.788011 -0.615661
-2.458066 -6.403481 0.766044 -0.642788
-2.692262 -6.663582 0.743145 -0.669131
-2.935392 -6.915351 0.719340 -0.694658
-3.187161 -7.158481 0.694658 -0.719340
-3.447262 -7.392677 0.669131 -0.743145
-3.715378 -7.617653 0.642788 -0.766044
-3.991181 -7.833134 0.615661 -0.788011
-4.274337 -8.038859 0.587785 -0.809017
-4.564500 -8.234577 0.559193 -0.829038
-4.861317 -8.420048 0.529919 -0.848048
-5.164426 -8.595048 0.500000 -0.866025
-5.473458 -8.759363 0.469472 -0.882948
-5.788036 -8.912793 0.438371 -0.898794
-6.107777 -9.055151 0.406737 -0.913545
-6.432291 -9.186263 0.374607 -0.927184
-6.761183 -9.305971 0.342020 -0.939693
-7.094053 -9.414126 0.309017 -0.951057
-7.430495 -9.510600 0.275637 -0.961262
-7.770098 -9.595272 0.241922 -0.970296
-8.112450 -9.668041 0.207912 -0.978148
-8.457133 -9.728818 0.173648 -0.984808
-8.803726 -9.777529 0.139173 -0.990268
-9.151809 -9.814114 0.104528 -0.994522
-9.500956 -9.838528 0.069756 -0.997564
-9.850743 -9.850743 0.034899 -0.999391
-10.200743 -9.850743 0.000000 -1.000000
-10.550530 -9.838528 -0.034899 -0.999391
-10.899677 -9.814114 -0.069756 -0.997564
-11.247760 -9.777529 -0.104528 -0.994522
-11.594354 -9.728818 -0.139173 -0.990268
-11.939037 -9.668041 -0.173648 -0.984808
-12.281388 -9.595272 -0.207912 -0.978148
-12.620992 -9.510600 -0.241922 -0.970296
-12.957433 -9.414126 -0.275637 -0.961262
-13.290303 -9.305971 -0.309017 -0.951057
-13.619196 -9.186263 -0.342020 -0.939693
-13.943710 -9.055151 -0.374607 -0.927184
-14.263451 -8.912793 -0.406737 -0.913545
-14.578029 -8.759363 -0.438371 -0.898794
-14.887060 -8.595048 -0.469472 -0.882948
-15.190169 -8.420048 -0.500000 -0.866025
-15.486986 -8.234577 -0.529919 -0.848048
-15.777149 -8.038859 -0.559193 -0.829038
-16.060305 -7.833134 -0.587785 -0.809017
-16.336109 -7.617653 -0.615661 -0.788011
-16.604225 -7.392677 -0.642788 -0.766044
-16.864325 -7.158481 -0.669131 -0.743145
-17.116094 -6.915351 -0.694658 -0.719340
-17.359225 -6.663582 -0.719340 -0.694658
-17.593420 -6.403481 -0.743145 -0.669131
-17.818396 -6.135366 -0.766044 -0.642788
-18.033878 -5.859562 -0.788011 -0.615661
-18.239602 -5.576406 -0.809017 -0.587785
-18.435320 -5.286243 -0.829038 -0.559193
-18.620792 -4.989426 -0.848048 -0.529919
-18.795792 -4.686317 -0.866025 -0.500000
-18.960107 -4.377286 -0.882948 -0.469472
-19.113537 -4.062708 -0.898794 -0.438371
-19.255894 -3.742967 -0.913545 -0.406737
-19.387007 -3.418452 -0.927184 -0.374607
-19.506714 -3.089560 -0.939693 -0.342020
-19.614870 -2.756690 -0.951057 -0.309017
-19.711343 -2.420249 -0.961262 -0.275637
-19.796015 -2.080645 -0.970296 -0.241922
-19.868785 -1.738293 -0.978148 -0.207912
-19.929561 -1.393611 -0.984808 -0.173648
-19.978272 -1.047017 -0.990268 -0.139173
-20.014857 -0.698934 -0.994522 -0.104528
-20.039272 -0.349787 -0.997564 -0.069756
-20.051487 0.000000 -0.999391 -0.034899
-20.051487 0.350000 -1.000000 -0.000000
-20.039272 0.699787 -0.999391 0.034899
-20.014857 1.048934 -0.997564 0.069756
-19.978272 1.397017 -0.994522 0.104528
-19.929561 1.743611 -0.990268 0.139173
-19.868785 2.088293 -0.984808 0.173648
-19.820074 2.434887 -0.990268 0.139173
-19.783489 2.782970 -0.994522 0.104528
-19.759074 3.132117 -0.997564 0.069756
-19.746859 3.481904 -0.999391 0.034899
-19.746859 3.831904 -1.000000 -0.000000
-19.759074 4.181691 -0.999391 -0.034899
-19.783489 4.530838 -0.997564 -0.069756
-19.820074 4.878921 -0.994522 -0.104528
-19.868785 5.225515 -0.990268 -0.139173
-19.929561 5.570198 -0.984808 -0.173648
-20.002331 5.912549 -0.978148 -0.207912
-20.087003 6.252153 -0.970296 -0.241922
-20.183476 6.588594 -0.961262 -0.275637
-20.291632 6.921464 -0.951057 -0.309017
-20.411339 7.250356 -0.939693 -0.342020
-20.542452 7.574871 -0.927184 -0.374607
-20.684809 7.894612 -0.913545 -0.406737
-20.838239 8.209190 -0.898794 -0.438371
-21.002554 8.518221 -0.882948 -0.469472
-21.177554 8.821330 -0.866025 -0.500000
-21.363026 9.118147 -0.848048 -0.529919
-21.558744 9.408310 -0.829038 -0.559193
-21.764468 9.691466 -0.809017 -0.587785
-21.979950 9.967270 -0.788011 -0.615661
-22.204926 10.235385 -0.766044 -0.642788
-22.439121 10.495486 -0.743145 -0.669131
-22.682252 10.747255 -0.719340 -0.694658
-22.934021 10.990385 -0.694658 -0.719340
-23.194121 11.224581 -0.669131 -0.743145
-23.462237 11.449557 -0.642788 -0.766044
-23.738041 11.665038 -0.615661 -0.788011
-24.021197 11.870763 -0.587785 -0.809017
-24.311360 12.066481 -0.559193 -0.829038
-24.608177 12.251952 -0.529919 -0.848048
-24.911286 12.426952 -0.500000 -0.866025
-25.220317 12.591268 -0.469472 -0.882948
-25.534895 12.744697 -0.438371 -0.898794
-25.854636 12.887055 -0.406737 -0.913545
-26.179150 13.018168 -0.374607 -0.927184
-26.508043 13.137875 -0.342020 -0.939693
-26.840913 13.246031 -0.309017 -0.951057
-27.177354 13.342504 -0.275637 -0.961262
-27.516958 13.427176 -0.241922 -0.970296
-27.859309 13.499945 -0.207912 -0.978148
-28.203992 13.560722 -0.173648 -0.984808
-28.550586 13.609433 -0.139173 -0.990268
-28.898669 13.646018 -0.104528 -0.994522
-29.247816 13.670433 -0.069756 -0.997564
-29.597603 13.682647 -0.034899 -0.999391
-29.947603 13.682647 0.000000 -1.000000
-30.297390 13.670433 0.034899 -0.999391
-30.646537 13.646018 0.069756 -0.997564
-30.994620 13.609433 0.104528 -0.994522
-31.341213 13.560722 0.139173 -0.990268
-31.685896 13.499945 0.173648 -0.984808
-32.028248 13.427176 0.207912 -0.978148
-32.367851 13.342504 0.241922 -0.970296
-32.704293 13.246031 0.275637 -0.961262
-33.037163 13.137875 0.309017 -0.951057
-33.366055 13.018168 0.342020 -0.939693
-33.690569 12.887055 0.374607 -0.927184
-34.010310 12.744697 0.406737 -0.913545
-34.324888 12.591268 0.438371 -0.898794
-34.633920 12.426952 0.469472 -0.882948
-34.937029 12.251952 0.500000 -0.866025
-35.233846 12.066481 0.529919 -0.848048
-35.524009 11.870763 0.559193 -0.829038
-35.807165 11.665038 0.587785 -0.809017
-36.082969 11.449557 0.615661 -0.788011
-36.351084 11.224581 0.642788 -0.766044
-36.611185 10.990385 0.669131 -0.743145
-36.862954 10.747255 0.694658 -0.719340
-37.106084 10.495486 0.719340 -0.694658
-37.340280 10.235385 0.743145 -0.669131
-37.565255 9.967270 0.766044 -0.642788
-37.780737 9.691466 0.788011 -0.615661
-37.986462 9.408310 0.809017 -0.587785
-38.182179 9.118147 0.829038 -0.559193
-38.367651 8.821330 0.848048 -0.529919
-38.542651 8.518221 0.866025 -0.500000
-38.706966 8.209190 0.882948 -0.469472
-38.860396 7.894612 0.898794 -0.438371
-39.002754 7.574871 0.913545 -0.406737
-39.133866 7.250356 0.927184 -0.374607
-39.253573 6.921464 0.939693 -0.342020
-39.361729 6.588594 0.951057 -0.309017
-39.458202 6.252153 0.961262 -0.275637
-39.566358 5.919283 0.951057 -0.309017
-39.686065 5.590390 0.939693 -0.342020
-39.817178 5.265876 0.927184 -0.374607
-39.959535 4.946135 0.913545 -0.406737
-40.112965 4.631557 0.898794 -0.438371
-40.277280 4.322526 0.882948 -0.469472
-40.452280 4.019417 0.866025 -0.500000
-40.637752 3.722600 0.848048 -0.529919
-40.833470 3.432437 0.829038 -0.559193
-41.039194 3.149281 0.809017 -0.587785
-41.254676 2.873477 0.788011 -0.615661
-41.479652 2.605362 0.766044 -0.642788
-41.713847 2.345261 0.743145 -0.669131
-41.956978 2.093492 0.719340 -0.694658
-42.208747 1.850361 0.694658 -0.719340
-42.468847 1.616166 0.669131 -0.743145
-42.736963 1.391190 0.642788 -0.766044
-43.012767 1.175709 0.615661 -0.788011
-43.295923 0.969984 0.587785 -0.809017
-43.586086 0.774266 0.559193 -0.829038
-43.882903 0.588794 0.529919 -0.848048
-44.186012 0.413794 0.500000 -0.866025
-44.495043 0.249479 0.469472 -0.882948
-44.809621 0.096050 0.438371 -0.898794
-45.129362 -0.046308 0.406737 -0.913545
-45.453876 -0.177421 0.374607 -0.927184
-45.782769 -0.297128 0.342020 -0.939693
-46.115639 -0.405284 0.309017 -0.951057
-46.452080 -0.501757 0.275637 -0.961262
-46.791684 -0.586429 0.241922 -0.970296
-47.134035 -0.659198 0.207912 -0.978148
-47.478718 -0.719975 0.173648 -0.984808
-47.825312 -0.768686 0.139173 -0.990268
-48.173394 -0.805271 0.104528 -0.994522
-48.522542 -0.829686 0.069756 -0.997564
-48.872329 -0.841900 0.034899 -0.999391
-49.222329 -0.841900 0.000000 -1.000000
-49.572115 -0.829686 -0.034899 -0.999391
-49.921263 -0.805271 -0.069756 -0.997564
-50.269346 -0.768686 -0.104528 -0.994522
-50.615939 -0.719975 -0.139173 -0.990268
-50.960622 -0.659198 -0.173648 -0.984808
-51.302974 -0.586429 -0.207912 -0.978148
-51.642577 -0.501757 -0.241922 -0.970296
-51.979019 -0.405284 -0.275637 -0.961262
-52.311889 -0.297128 -0.309017 -0.951057
-52.640781 -0.177421 -0.342020 -0.939693
-52.965295 -0.046308 -0.374607 -0.927184
-53.285036 0.096050 -0.406737 -0.913545
-53.599614 0.249479 -0.438371 -0.898794
-53.908646 0.413794 -0.469472 -0.882948
-54.211755 0.588794 -0.500000 -0.866025
-54.508572 0.774266 -0.529919 -0.848048
-54.798735 0.969984 -0.559193 -0.829038
-55.081891 1.175709 -0.587785 -0.809017
-55.357694 1.391190 -0.615661 -0.788011
-55.625810 1.616166 -0.642788 -0.766044
-55.885911 1.850361 -0.669131 -0.743145
-56.137680 2.093492 -0.694658 -0.719340
-56.380810 2.345261 -0.719340 -0.694658
-56.615006 2.605362 -0.743145 -0.669131
-56.839981 2.873477 -0.766044 -0.642788
-57.055463 3.149281 -0.788011 -0.615661
-57.261188 3.432437 -0.809017 -0.587785
-57.456905 3.722600 -0.829038 -0.559193
-57.642377 4.019417 -0.848048 -0.529919
-57.817377 4.322526 -0.866025 -0.500000
-57.981692 4.631557 -0.882948 -0.469472
-58.135122 4.946135 -0.898794 -0.438371
-58.277480 5.265876 -0.913545 -0.406737
-58.408592 5.590390 -0.927184 -0.374607
-58.528299 5.919283 -0.939693 -0.342020
-58.636455 6.252153 -0.951057 -0.309017
-58.732928 6.588594 -0.961262 -0.275637
-58.817601 6.928198 -0.970296 -0.241922
-58.890370 7.270549 -0.978148 -0.207912
-58.951147 7.615232 -0.984808 -0.173648
-58.999857 7.961826 -0.990268 -0.139173
-59.036442 8.309909 -0.994522 -0.104528
-59.060857 8.659056 -0.997564 -0.069756
-59.073072 9.008843 -0.999391 -0.034899
-59.073072 9.358843 -1.000000 0.000000
-59.060857 9.708630 -0.999391 0.034899
-59.036442 10.057777 -0.997564 0.069756
-58.999857 10.405860 -0.994522 0.104528
-58.951147 10.752454 -0.990268 0.139173
-58.890370 11.097136 -0.984808 0.173648
-58.817601 11.439488 -0.978148 0.207912
-58.732928 11.779091 -0.970296 0.241922
-58.636455 12.115533 -0.961262 0.275637
-58.528299 12.448403 -0.951057 0.309017
-58.408592 12.777295 -0.939693 0.342020
-58.277480 13.101810 -0.927184 0.374607
-58.135122 13.421550 -0.913545 0.406737
-57.981692 13.736128 -0.898794 0.438371
-57.839334 14.055869 -0.913545 0.406737
-57.708222 14.380384 -0.927184 0.374607
-57.588515 14.709276 -0.939693 0.342020
-57.480359 15.042146 -0.951057 0.309017
-57.383886 15.378587 -0.961262 0.275637
-57.299213 15.718191 -0.970296 0.241922
-57.226444 16.060543 -0.978148 0.207912
-57.165667 16.405225 -0.984808 0.173648
-57.116957 16.751819 -0.990268 0.139173
-57.080372 17.099902 -0.994522 0.104528
-57.055957 17.449049 -0.997564 0.069756
-57.043742 17.798836 -0.999391 0.034899
-57.043742 18.148836 -1.000000 0.000000
-57.055957 18.498623 -0.999391 -0.034899
-57.080372 18.847770 -0.997564 -0.069756
-57.116957 19.195853 -0.994522 -0.104528
-57.165667 19.542447 -0.990268 -0.139173
-57.226444 19.887129 -0.984808 -0.173648
-57.299213 20.229481 -0.978148 -0.207912
-57.383886 20.569085 -0.970296 -0.241922
-57.480359 20.905526 -0.961262 -0.275637
-57.588515 21.238396 -0.951057 -0.309017
-57.708222 21.567288 -0.939693 -0.342020
-57.839334 21.891803 -0.927184 -0.374607
-57.981692 22.211544 -0.913545 -0.406737
-58.135122 22.526122 -0.898794 -0.438371
-58.299437 22.835153 -0.882948 -0.469472
-58.474437 23.138262 -0.866025 -0.500000
-58.659909 23.435079 -0.848048 -0.529919
-58.855626 23.725242 -0.829038 -0.559193
-59.061351 24.008398 -0.809017 -0.587785
-59.276833 24.284202 -0.788011 -0.615661
-59.501808 24.552317 -0.766044 -0.642788
-59.736004 24.812418 -0.743145 -0.669131
-59.979134 25.064187 -0.719340 -0.694658
-60.230903 25.307317 -0.694658 -0.719340
-60.491004 25.541513 -0.669131 -0.743145
-60.759120 25.766489 -0.642788 -0.766044
-61.034923 25.981970 -0.615661 -0.788011
-61.318079 26.187695 -0.587785 -0.809017
-61.608243 26.383413 -0.559193 -0.829038
-61.905059 26.568884 -0.529919 -0.848048
-62.208168 26.743884 -0.500000 -0.866025
-62.517200 26.908199 -0.469472 -0.882948
-62.831778 27.061629 -0.438371 -0.898794
-63.151519 27.203987 -0.406737 -0.913545
-63.476033 27.335099 -0.374607 -0.927184
-63.804926 27.454807 -0.342020 -0.939693
-64.137795 27.562962 -0.309017 -0.951057
-64.474237 27.659436 -0.275637 -0.961262
-64.813840 27.744108 -0.241922 -0.970296
-65.156192 27.816877 -0.207912 -0.978148
-65.500875 27.877654 -0.173648 -0.984808
-65.847469 27.926365 -0.139173 -0.990268
-66.195551 27.962950 -0.104528 -0.994522
-66.544699 27.987364 -0.069756 -0.997564
-66.894485 27.999579 -0.034899 -0.999391
-67.244485 27.999579 0.000000 -1.000000
-67.594272 27.987364 0.034899 -0.999391
-67.943420 27.962950 0.069756 -0.997564
-68.291502 27.926365 0.104528 -0.994522
-68.638096 27.877654 0.139173 -0.990268
-68.982779 27.816877 0.173648 -0.984808
-69.325131 27.744108 0.207912 -0.978148
-69.664734 27.659436 0.241922 -0.970296
-70.001176 27.562962 0.275637 -0.961262
-70.334045 27.454807 0.309017 -0.951057
-70.662938 27.335099 0.342020 -0.939693
-70.987452 27.203987 0.374607 -0.927184
-71.307193 27.061629 0.406737 -0.913545
-71.621771 26.908199 0.438371 -0.898794
-71.930803 26.743884 0.469472 -0.882948
-72.233912 26.568884 0.500000 -0.866025
-72.530728 26.383413 0.529919 -0.848048
-72.820892 26.187695 0.559193 -0.829038
-73.104047 25.981970 0.587785 -0.809017
-73.379851 25.766489 0.615661 -0.788011
-73.647967 25.541513 0.642788 -0.766044
-73.908067 25.307317 0.669131 -0.743145
-74.159836 25.064187 0.694658 -0.719340
-74.402967 24.812418 0.719340 -0.694658
-74.637163 24.552317 0.743145 -0.669131
-74.862138 24.284202 0.766044 -0.642788
-75.077620 24.008398 0.788011 -0.615661
-75.283345 23.725242 0.809017 -0.587785
-75.479062 23.435079 0.829038 -0.559193
-75.684787 23.151923 0.809017 -0.587785
-75.900268 22.876119 0.788011 -0.615661
-76.125244 22.608004 0.766044 -0.642788
-76.359440 22.347903 0.743145 -0.669131
-76.602570 22.096134 0.719340 -0.694658
-76.854339 21.853004 0.694658 -0.719340
-77.114440 21.618808 0.669131 -0.743145
-77.382555 21.393832 0.642788 -0.766044
-77.658359 21.178351 0.615661 -0.788011
-77.941515 20.972626 0.587785 -0.809017
-78.231678 20.776908 0.559193 -0.829038
-78.528495 20.591437 0.529919 -0.848048
-78.831604 20.416437 0.500000 -0.866025
-79.140636 20.252122 0.469472 -0.882948
-79.455214 20.098692 0.438371 -0.898794
-79.774954 19.956334 0.406737 -0.913545
-80.099469 19.825222 0.374607 -0.927184
-80.428361 19.705514 0.342020 -0.939693
-80.761231 19.597359 0.309017 -0.951057
-81.097673 19.500885 0.275637 -0.961262
-81.437276 19.416213 0.241922 -0.970296
-81.779628 19.343444 0.207912 -0.978148
-82.124311 19.282667 0.173648 -0.984808
-82.470904 19.233956 0.139173 -0.990268
-82.818987 19.197371 0.104528 -0.994522
-83.165581 19.148661 0.139173 -0.990268
-83.510264 19.087884 0.173648 -0.984808
-83.852615 19.015115 0.207912 -0.978148
-84.192219 18.930442 0.241922 -0.970296
-84.528660 18.833969 0.275637 -0.961262
-84.861530 18.725813 0.309017 -0.951057
-85.190422 18.606106 0.342020 -0.939693
-85.514937 18.474994 0.374607 -0.927184
-85.834678 18.332636 0.406737 -0.913545
-86.149256 18.179206 0.438371 -0.898794
-86.458287 18.014891 0.469472 -0.882948
-86.761396 17.839891 0.500000 -0.866025
-87.058213 17.654419 0.529919 -0.848048
-87.348376 17.458702 0.559193 -0.829038
-87.631532 17.252977 0.587785 -0.809017
-87.907336 17.037495 0.615661 -0.788011
-88.175451 16.812520 0.642788 -0.766044
-88.435552 16.578324 0.669131 -0.743145
-88.687321 16.335194 0.694658 -0.719340
-88.930452 16.083425 0.719340 -0.694658
-89.164647 15.823324 0.743145 -0.669131
-89.389623 15.555208 0.766044 -0.642788
-89.605104 15.279405 0.788011 -0.615661
-89.810829 14.996249 0.809017 -0.587785
-90.006547 14.706085 0.829038 -0.559193
-90.192019 14.409269 0.848048 -0.529919
-90.367019 14.106160 0.866025 -0.500000
-90.531334 13.797128 0.882948 -0.469472
-90.684763 13.482550 0.898794 -0.438371
-90.827121 13.162809 0.913545 -0.406737
-90.958234 12.838295 0.927184 -0.374607
-91.100591 12.518554 0.913545 -0.406737
-91.254021 12.203976 0.898794 -0.438371
-91.418336 11.894944 0.882948 -0.469472
-91.593336 11.591836 0.866025 -0.500000
-91.778808 11.295019 0.848048 -0.529919
-91.974526 11.004856 0.829038 -0.559193
-92.180250 10.721700 0.809017 -0.587785
-92.395732 10.445896 0.788011 -0.615661
-92.620708 10.177780 0.766044 -0.642788
-92.854903 9.917680 0.743145 -0.669131
-93.098034 9.665911 0.719340 -0.694658
-93.349803 9.422780 0.694658 -0.719340
-93.609903 9.188585 0.669131 -0.743145
-93.878019 8.963609 0.642788 -0.766044
-94.153823 8.748127 0.615661 -0.788011
-94.436979 8.542403 0.587785 -0.809017
-94.727142 8.346685 0.559193 -0.829038
-95.023959 8.161213 0.529919 -0.848048
-95.327068 7.986213 0.500000 -0.866025
-95.636099 7.821898 0.469472 -0.882948
-95.950677 7.668468 0.438371 -0.898794
-96.270418 7.526110 0.406737 -0.913545
-96.594932 7.394998 0.374607 -0.927184
-96.923825 7.275291 0.342020 -0.939693
-97.256695 7.167135 0.309017 -0.951057
-97.593136 7.070662 0.275637 -0.961262
-97.932740 6.985989 0.241922 -0.970296
-98.275091 6.913220 0.207912 -0.978148
-98.619774 6.852443 0.173648 -0.984808
-98.966368 6.803733 0.139173 -0.990268
-99.314451 6.767148 0.104528 -0.994522
-99.663598 6.742733 0.069756 -0.997564
-100.013385 6.730518 0.034899 -0.999391
-100.363385 6.730518 0.000000 -1.000000
-100.713172 6.742733 -0.034899 -0.999391
-101.062319 6.767148 -0.069756 -0.997564
-101.410402 6.803733 -0.104528 -0.994522
-101.756995 6.852443 -0.139173 -0.990268
-102.101678 6.913220 -0.173648 -0.984808
-102.444030 6.985989 -0.207912 -0.978148
-102.783633 7.070662 -0.241922 -0.970296
-103.120075 7.167135 -0.275637 -0.961262
-103.452945 7.275291 -0.309017 -0.951057
-103.781837 7.394998 -0.342020 -0.939693
-104.114707 7.503154 -0.309017 -0.951057
-104.451148 7.599627 -0.275637 -0.961262
-104.790752 7.684300 -0.241922 -0.970296
-105.133104 7.757069 -0.207912 -0.978148
-105.477786 7.817846 -0.173648 -0.984808
-105.824380 7.866556 -0.139173 -0.990268
-106.172463 7.903141 -0.104528 -0.994522
-106.521610 7.927556 -0.069756 -0.997564
-106.871397 7.939771 -0.034899 -0.999391
-107.221397 7.939771 0.000000 -1.000000
-107.571184 7.927556 0.034899 -0.999391
-107.920331 7.903141 0.069756 -0.997564
-108.268414 7.866556 0.104528 -0.994522
-108.615008 7.817846 0.139173 -0.990268
-108.959690 7.757069 0.173648 -0.984808
-109.302042 7.684300 0.207912 -0.978148
-109.641646 7.599627 0.241922 -0.970296
-109.978087 7.503154 0.275637 -0.961262
-110.310957 7.394998 0.309017 -0.951057
-110.639849 7.275291 0.342020 -0.939693
-110.972719 7.167135 0.309017 -0.951057
-111.309161 7.070662 0.275637 -0.961262
-111.648764 6.985989 0.241922 -0.970296
-111.991116 6.913220 0.207912 -0.978148
-112.335799 6.852443 0.173648 -0.984808
-112.682392 6.803733 0.139173 -0.990268
-113.030475 6.767148 0.104528 -0.994522
-113.379623 6.742733 0.069756 -0.997564
-113.729409 6.730518 0.034899 -0.999391
-114.079409 6.730518 0.000000 -1.000000
-114.429196 6.742733 -0.034899 -0.999391
-114.778344 6.767148 -0.069756 -0.997564
-115.126426 6.803733 -0.104528 -0.994522
-115.473020 6.852443 -0.139173 -0.990268
-115.817703 6.913220 -0.173648 -0.984808
-116.160054 6.985989 -0.207912 -0.978148
-116.499658 7.070662 -0.241922 -0.970296
-116.836100 7.167135 -0.275637 -0.961262
-117.168969 7.275291 -0.309017 -0.951057
-117.497862 7.394998 -0.342020 -0.939693
-117.822376 7.526110 -0.374607 -0.927184
-118.142117 7.668468 -0.406737 -0.913545
-118.456695 7.821898 -0.438371 -0.898794
-118.765727 7.986213 -0.469472 -0.882948
-119.068835 8.161213 -0.500000 -0.866025
-119.365652 8.346685 -0.529919 -0.848048
-119.655815 8.542403 -0.559193 -0.829038
-119.938971 8.748127 -0.587785 -0.809017
-120.214775 8.963609 -0.615661 -0.788011
-120.482891 9.188585 -0.642788 -0.766044
-120.742991 9.422780 -0.669131 -0.743145
-120.994760 9.665911 -0.694658 -0.719340
-121.237891 9.917680 -0.719340 -0.694658
-121.489660 10.160810 -0.694658 -0.719340
-121.749760 10.395006 -0.669131 -0.743145
-122.017876 10.619981 -0.642788 -0.766044
-122.293680 10.835463 -0.615661 -0.788011
-122.576836 11.041188 -0.587785 -0.809017
-122.866999 11.236905 -0.559193 -0.829038
-123.163816 11.422377 -0.529919 -0.848048
-123.466925 11.597377 -0.500000 -0.866025
-123.775956 11.761692 -0.469472 -0.882948
-124.090534 11.915122 -0.438371 -0.898794
-124.410275 12.057480 -0.406737 -0.913545
-124.734789 12.188592 -0.374607 -0.927184
-125.063682 12.308299 -0.342020 -0.939693
-125.396552 12.416455 -0.309017 -0.951057
-125.732993 12.512928 -0.275637 -0.961262
-126.072597 12.597601 -0.241922 -0.970296
-126.414948 12.670370 -0.207912 -0.978148
-126.759631 12.731147 -0.173648 -0.984808
-127.106225 12.779857 -0.139173 -0.990268
-127.454308 12.816442 -0.104528 -0.994522
-127.803455 12.840857 -0.069756 -0.997564
-128.153242 12.853072 -0.034899 -0.999391
-128.503242 12.853072 0.000000 -1.000000
-128.853028 12.840857 0.034899 -0.999391
-129.202176 12.816442 0.069756 -0.997564
-129.550259 12.779857 0.104528 -0.994522
-129.896852 12.731147 0.139173 -0.990268
-130.241535 12.670370 0.173648 -0.984808
-130.583887 12.597601 0.207912 -0.978148
-130.923490 12.512928 0.241922 -0.970296
-131.259932 12.416455 0.275637 -0.961262
-131.599535 12.331782 0.241922 -0.970296
-131.941887 12.259013 0.207912 -0.978148
-132.286570 12.198236 0.173648 -0.984808
-132.633164 12.149526 0.139173 -0.990268
-132.981246 12.112941 0.104528 -0.994522
-133.330394 12.088526 0.069756 -0.997564
-133.680180 12.076311 0.034899 -0.999391
-134.030180 12.076311 0.000000 -1.000000
-134.379967 12.088526 -0.034899 -0.999391
-134.729115 12.112941 -0.069756 -0.997564
-135.077197 12.149526 -0.104528 -0.994522
-135.423791 12.198236 -0.139173 -0.990268
-135.768474 12.259013 -0.173648 -0.984808
-136.110826 12.331782 -0.207912 -0.978148
-136.450429 12.416455 -0.241922 -0.970296
-136.786871 12.512928 -0.275637 -0.961262
-137.119740 12.621084 -0.309017 -0.951057
-137.448633 12.740791 -0.342020 -0.939693
-137.773147 12.871903 -0.374607 -0.927184
-138.092888 13.014261 -0.406737 -0.913545
-138.407466 13.167691 -0.438371 -0.898794
-138.716498 13.332006 -0.469472 -0.882948
-139.019607 13.507006 -0.500000 -0.866025
-139.316423 13.692478 -0.529919 -0.848048
-139.606587 13.888196 -0.559193 -0.829038
-139.889742 14.093920 -0.587785 -0.809017
-140.179906 14.289638 -0.559193 -0.829038
-140.476722 14.475110 -0.529919 -0.848048
-140.779831 14.650110 -0.500000 -0.866025
-141.088863 14.814425 -0.469472 -0.882948
-141.403441 14.967855 -0.438371 -0.898794
-141.723182 15.110212 -0.406737 -0.913545
-142.047696 15.241325 -0.374607 -0.927184
-142.376589 15.361032 -0.342020 -0.939693
-142.709458 15.469188 -0.309017 -0.951057
-143.045900 15.565661 -0.275637 -0.961262
-143.385503 15.650333 -0.241922 -0.970296
-143.727855 15.723103 -0.207912 -0.978148
-144.072538 15.783879 -0.173648 -0.984808
-144.419132 15.832590 -0.139173 -0.990268
-144.767214 15.869175 -0.104528 -0.994522
-145.116362 15.893590 -0.069756 -0.997564
-145.466149 15.905805 -0.034899 -0.999391
-145.815296 15.930219 -0.069756 -0.997564
-146.163379 15.966804 -0.104528 -0.994522
-146.509972 16.015515 -0.139173 -0.990268
-146.854655 16.076292 -0.173648 -0.984808
-147.197007 16.149061 -0.207912 -0.978148
-147.536610 16.233733 -0.241922 -0.970296
-147.873052 16.330207 -0.275637 -0.961262
-148.205922 16.438362 -0.309017 -0.951057
-148.534814 16.558070 -0.342020 -0.939693
-148.859328 16.689182 -0.374607 -0.927184
-149.179069 16.831540 -0.406737 -0.913545
-149.493647 16.984970 -0.438371 -0.898794
-149.802679 17.149285 -0.469472 -0.882948
-150.105788 17.324285 -0.500000 -0.866025
-150.402605 17.509756 -0.529919 -0.848048
-150.692768 17.705474 -0.559193 -0.829038
-150.975924 17.911199 -0.587785 -0.809017
-151.251728 18.126680 -0.615661 -0.788011
-151.519843 18.351656 -0.642788 -0.766044
-151.779944 18.585852 -0.669131 -0.743145
-152.031713 18.828982 -0.694658 -0.719340
-152.274843 19.080751 -0.719340 -0.694658
-152.509039 19.340852 -0.743145 -0.669131
-152.734015 19.608967 -0.766044 -0.642788
-152.949496 19.884771 -0.788011 -0.615661
-153.155221 20.167927 -0.809017 -0.587785
-153.350938 20.458090 -0.829038 -0.559193
-153.536410 20.754907 -0.848048 -0.529919
-153.711410 21.058016 -0.866025 -0.500000
-153.875725 21.367047 -0.882948 -0.469472
-154.029155 21.681625 -0.898794 -0.438371
-154.171513 22.001366 -0.913545 -0.406737
-154.302625 22.325881 -0.927184 -0.374607
-154.422332 22.654773 -0.939693 -0.342020
-154.530488 22.987643 -0.951057 -0.309017
-154.650195 23.316535 -0.939693 -0.342020
-154.781308 23.641050 -0.927184 -0.374607
-154.923665 23.960791 -0.913545 -0.406737
-155.077095 24.275368 -0.898794 -0.438371
-155.241410 24.584400 -0.882948 -0.469472
-155.416410 24.887509 -0.866025 -0.500000
-155.601882 25.184326 -0.848048 -0.529919
-155.797600 25.474489 -0.829038 -0.559193
-156.003324 25.757645 -0.809017 -0.587785
-156.218806 26.033449 -0.788011 -0.615661
-156.443782 26.301564 -0.766044 -0.642788
-156.677977 26.561665 -0.743145 -0.669131
-156.921108 26.813434 -0.719340 -0.694658
-157.172877 27.056564 -0.694658 -0.719340
-157.432977 27.290760 -0.669131 -0.743145
-157.701093 27.515736 -0.642788 -0.766044
-157.976897 27.731217 -0.615661 -0.788011
-158.260053 27.936942 -0.587785 -0.809017
-158.550216 28.132660 -0.559193 -0.829038
-158.847033 28.318131 -0.529919 -0.848048
-159.150142 28.493131 -0.500000 -0.866025
-159.459173 28.657446 -0.469472 -0.882948
-159.773751 28.810876 -0.438371 -0.898794
-160.093492 28.953234 -0.406737 -0.913545
-160.418006 29.084346 -0.374607 -0.927184
-160.746899 29.204053 -0.342020 -0.939693
-161.079769 29.312209 -0.309017 -0.951057
-161.416210 29.408682 -0.275637 -0.961262
-161.755814 29.493355 -0.241922 -0.970296
-162.098165 29.566124 -0.207912 -0.978148
-162.442848 29.626901 -0.173648 -0.984808
-162.789442 29.675612 -0.139173 -0.990268
-163.137525 29.712197 -0.104528 -0.994522
-163.486672 29.736611 -0.069756 -0.997564
-163.836459 29.748826 -0.034899 -0.999391
-164.186459 29.748826 0.000000 -1.000000
-164.536246 29.736611 0.034899 -0.999391
-164.885393 29.712197 0.069756 -0.997564
-165.233476 29.675612 0.104528 -0.994522
-165.580069 29.626901 0.139173 -0.990268
-165.924752 29.566124 0.173648 -0.984808
-166.267104 29.493355 0.207912 -0.978148
-166.606707 29.408682 0.241922 -0.970296
-166.943149 29.312209 0.275637 -0.961262
-167.276019 29.204053 0.309017 -0.951057
-167.604911 29.084346 0.342020 -0.939693
-167.929425 28.953234 0.374607 -0.927184
-168.249166 28.810876 0.406737 -0.913545
-168.563744 28.657446 0.438371 -0.898794
-168.872776 28.493131 0.469472 -0.882948
-169.175885 28.318131 0.500000 -0.866025
-169.472702 28.132660 0.529919 -0.848048
-169.762865 27.936942 0.559193 -0.829038
-170.046021 27.731217 0.587785 -0.809017
-170.321824 27.515736 0.615661 -0.788011
-170.589940 27.290760 0.642788 -0.766044
-170.850041 27.056564 0.669131 -0.743145
-171.101810 26.813434 0.694658 -0.719340
-171.344940 26.561665 0.719340 -0.694658
-171.579136 26.301564 0.743145 -0.669131
-171.804111 26.033449 0.766044 -0.642788
-172.019593 25.757645 0.788011 -0.615661
-172.225318 25.474489 0.809017 -0.587785
-172.421035 25.184326 0.829038 -0.559193
-172.606507 24.887509 0.848048 -0.529919
-172.781507 24.584400 0.866025 -0.500000
-172.945822 24.275368 0.882948 -0.469472
-173.099252 23.960791 0.898794 -0.438371
-173.241610 23.641050 0.913545 -0.406737
-173.372722 23.316535 0.927184 -0.374607
-173.492429 22.987643 0.939693 -0.342020
-173.600585 22.654773 0.951057 -0.309017
-173.697058 22.318331 0.961262 -0.275637
-173.781731 21.978728 0.970296 -0.241922
-173.854500 21.636376 0.978148 -0.207912
-173.915277 21.291694 0.984808 -0.173648
-173.963987 20.945100 0.990268 -0.139173
-174.000572 20.597017 0.994522 -0.104528
-174.024987 20.247870 0.997564 -0.069756
-174.037202 19.898083 0.999391 -0.034899
-174.037202 19.548083 1.000000 0.000000
-174.024987 19.198296 0.999391 0.034899
-174.000572 18.849149 0.997564 0.069756
-173.963987 18.501066 0.994522 0.104528
-173.939573 18.151919 0.997564 0.069756
-173.927358 17.802132 0.999391 0.034899
-173.927358 17.452132 1.000000 0.000000
-173.939573 17.102345 0.999391 -0.034899
-173.963987 16.753198 0.997564 -0.069756
-174.000572 16.405115 0.994522 -0.104528
-174.049283 16.058521 0.990268 -0.139173
-174.110060 15.713838 0.984808 -0.173648
-174.182829 15.371487 0.978148 -0.207912
-174.267502 15.031883 0.970296 -0.241922
-174.363975 14.695442 0.961262 -0.275637
-174.472131 14.362572 0.951057 -0.309017
-174.591838 14.033679 0.939693 -0.342020
-174.722950 13.709165 0.927184 -0.374607
-174.865308 13.389424 0.913545 -0.406737
-175.018738 13.074846 0.898794 -0.438371
-175.183053 12.765815 0.882948 -0.469472
-175.358053 12.462706 0.866025 -0.500000
-175.543525 12.165889 0.848048 -0.529919
-175.739242 11.875726 0.829038 -0.559193
-175.944967 11.592570 0.809017 -0.587785
-176.160448 11.316766 0.788011 -0.615661
-176.385424 11.048650 0.766044 -0.642788
-176.619620 10.788550 0.743145 -0.669131
-176.862750 10.536781 0.719340 -0.694658
-177.114519 10.293650 0.694658 -0.719340
-177.374620 10.059455 0.669131 -0.743145
-177.642735 9.834479 0.642788 -0.766044
-177.918539 9.618998 0.615661 -0.788011
-178.201695 9.413273 0.587785 -0.809017
-178.491858 9.217555 0.559193 -0.829038
-178.788675 9.032083 0.529919 -0.848048
-179.091784 8.857083 0.500000 -0.866025
-179.400816 8.692768 0.469472 -0.882948
-179.715394 8.539338 0.438371 -0.898794
-180.035134 8.396981 0.406737 -0.913545
-180.359649 8.265868 0.374607 -0.927184
-180.688541 8.146161 0.342020 -0.939693
-181.013056 8.015049 0.374607 -0.927184
-181.332796 7.872691 0.406737 -0.913545
-181.647374 7.719261 0.438371 -0.898794
-181.956406 7.554946 0.469472 -0.882948
-182.259515 7.379946 0.500000 -0.866025
-182.556332 7.194474 0.529919 -0.848048
-182.846495 6.998757 0.559193 -0.829038
-183.129651 6.793032 0.587785 -0.809017
-183.405455 6.577551 0.615661 -0.788011
-183.673570 6.352575 0.642788 -0.766044
-183.933671 6.118379 0.669131 -0.743145
-184.185440 5.875249 0.694658 -0.719340
-184.428570 5.623480 0.719340 -0.694658
-184.662766 5.363379 0.743145 -0.669131
-184.887742 5.095264 0.766044 -0.642788
-185.103223 4.819460 0.788011 -0.615661
-185.308948 4.536304 0.809017 -0.587785
-185.504665 4.246141 0.829038 -0.559193
-185.690137 3.949324 0.848048 -0.529919
-185.865137 3.646215 0.866025 -0.500000
-186.029452 3.337183 0.882948 -0.469472
-186.182882 3.022605 0.898794 -0.438371
-186.325240 2.702865 0.913545 -0.406737
-186.456352 2.378350 0.927184 -0.374607
-186.576059 2.049458 0.939693 -0.342020
-186.684215 1.716588 0.951057 -0.309017
-186.780688 1.380146 0.961262 -0.275637
-186.865361 1.040543 0.970296 -0.241922
-186.938130 0.698191 0.978148 -0.207912
-186.998907 0.353509 0.984808 -0.173648
-187.047618 0.006915 0.990268 -0.139173
-187.084203 -0.341168 0.994522 -0.104528
-187.108617 -0.690315 0.997564 -0.069756
-187.120832 -1.040102 0.999391 -0.034899
-187.120832 -1.390102 1.000000 0.000000
-187.108617 -1.739889 0.999391 0.034899
-187.084203 -2.089036 0.997564 0.069756
-187.047618 -2.437119 0.994522 0.104528
-186.998907 -2.783713 0.990268 0.139173
-186.938130 -3.128396 0.984808 0.173648
-186.865361 -3.470747 0.978148 0.207912
-186.780688 -3.810351 0.970296 0.241922
-186.684215 -4.146792 0.961262 0.275637
-186.576059 -4.479662 0.951057 0.309017
-186.456352 -4.808555 0.939693 0.342020
-186.325240 -5.133069 0.927184 0.374607
-186.182882 -5.452810 0.913545 0.406737
-186.029452 -5.767388 0.898794 0.438371
-185.865137 -6.076419 0.882948 0.469472
-185.690137 -6.379528 0.866025 0.500000
-185.504665 -6.676345 0.848048 0.529919
-185.308948 -6.966508 0.829038 0.559193
-185.103223 -7.249664 0.809017 0.587785
-184.887742 -7.525468 0.788011 0.615661
-184.662766 -7.793584 0.766044 0.642788
-184.428570 -8.053684 0.743145 0.669131
-184.185440 -8.305453 0.719340 0.694658
-183.933671 -8.548584 0.694658 0.719340
-183.673570 -8.782779 0.669131 0.743145
-183.405455 -9.007755 0.642788 0.766044
-183.129651 -9.223236 0.615661 0.788011
-182.846495 -9.428961 0.587785 0.809017
-182.556332 -9.624679 0.559193 0.829038
-182.259515 -9.810151 0.529919 0.848048
-181.956406 -9.985151 0.500000 0.866025
-181.647374 -10.149466 0.469472 0.882948
-181.332796 -10.302895 0.438371 0.898794
-181.013056 -10.445253 0.406737 0.913545
-180.688541 -10.576366 0.374607 0.927184
-180.359649 -10.696073 0.342020 0.939693
-180.026779 -10.804229 0.309017 0.951057
-179.690337 -10.900702 0.275637 0.961262
-179.350734 -10.985374 0.241922 0.970296
-179.008382 -11.058143 0.207912 0.978148
-178.663700 -11.118920 0.173648 0.984808
-178.317106 -11.167631 0.139173 0.990268
-177.969023 -11.204216 0.104528 0.994522
-177.619876 -11.228631 0.069756 0.997564
-177.270089 -11.240845 0.034899 0.999391
-176.920941 -11.265260 0.069756 0.997564
-176.572859 -11.301845 0.104528 0.994522
-176.226265 -11.350556 0.139173 0.990268
-175.881582 -11.411333 0.173648 0.984808
-175.539231 -11.484102 0.207912 0.978148
-175.199627 -11.568774 0.241922 0.970296
-174.863185 -11.665247 0.275637 0.961262
-174.530316 -11.773403 0.309017 0.951057
-174.201423 -11.893110 0.342020 0.939693
-173.876909 -12.024223 0.374607 0.927184
-173.557168 -12.166581 0.406737 0.913545
-173.242590 -12.320010 0.438371 0.898794
-172.933558 -12.484326 0.469472 0.882948
-172.630450 -12.659326 0.500000 0.866025
-172.333633 -12.844797 0.529919 0.848048
-172.043470 -13.040515 0.559193 0.829038
-171.760314 -13.246240 0.587785 0.809017
-171.484510 -13.461721 0.615661 0.788011
-171.216394 -13.686697 0.642788 0.766044
-170.956294 -13.920893 0.669131 0.743145
-170.704525 -14.164023 0.694658 0.719340
-170.461394 -14.415792 0.719340 0.694658
-170.227199 -14.675893 0.743145 0.669131
-170.002223 -14.944008 0.766044 0.642788
-169.786741 -15.219812 0.788011 0.615661
-169.581017 -15.502968 0.809017 0.587785
-169.385299 -15.793131 0.829038 0.559193
-169.179574 -16.076287 0.809017 0.587785
-168.964093 -16.352091 0.788011 0.615661
-168.739117 -16.620206 0.766044 0.642788
-168.504921 -16.880307 0.743145 0.669131
-168.261791 -17.132076 0.719340 0.694658
-168.010022 -17.375206 0.694658 0.719340
-167.749921 -17.609402 0.669131 0.743145
-167.481806 -17.834378 0.642788 0.766044
-167.206002 -18.049859 0.615661 0.788011
-166.922846 -18.255584 0.587785 0.809017
-166.632683 -18.451302 0.559193 0.829038
-166.335866 -18.636773 0.529919 0.848048
-166.032757 -18.811773 0.500000 0.866025
-165.723725 -18.976088 0.469472 0.882948
-165.409147 -19.129518 0.438371 0.898794
-165.089407 -19.271876 0.406737 0.913545
-164.764892 -19.402988 0.374607 0.927184
-164.436000 -19.522695 0.342020 0.939693
-164.103130 -19.630851 0.309017 0.951057
-163.766688 -19.727324 0.275637 0.961262
-163.427085 -19.811997 0.241922 0.970296
-163.084733 -19.884766 0.207912 0.978148
-162.740051 -19.945543 0.173648 0.984808
-162.393457 -19.994254 0.139173 0.990268
-162.045374 -20.030839 0.104528 0.994522
-161.696227 -20.055253 0.069756 0.997564
-161.346440 -20.067468 0.034899 0.999391
-160.996440 -20.067468 0.000000 1.000000
-160.646653 -20.055253 -0.034899 0.999391
-160.297506 -20.030839 -0.069756 0.997564
-159.949423 -19.994254 -0.104528 0.994522
-159.602829 -19.945543 -0.139173 0.990268
-159.258146 -19.884766 -0.173648 0.984808
-158.915795 -19.811997 -0.207912 0.978148
-158.576191 -19.727324 -0.241922 0.970296
-158.239750 -19.630851 -0.275637 0.961262
-157.906880 -19.522695 -0.309017 0.951057
-157.577988 -19.402988 -0.342020 0.939693
-157.253473 -19.271876 -0.374607 0.927184
-156.924581 -19.152169 -0.342020 0.939693
-156.591711 -19.044013 -0.309017 0.951057
-156.255269 -18.947540 -0.275637 0.961262
-155.915666 -18.862867 -0.241922 0.970296
-155.573314 -18.790098 -0.207912 0.978148
-155.228631 -18.729321 -0.173648 0.984808
-154.882038 -18.680611 -0.139173 0.990268
-154.533955 -18.644026 -0.104528 0.994522
-154.184808 -18.619611 -0.069756 0.997564
-153.835021 -18.607396 -0.034899 0.999391
-153.485021 -18.607396 0.000000 1.000000
-153.135234 -18.619611 0.034899 0.999391
-152.786087 -18.644026 0.069756 0.997564
-152.438004 -18.680611 0.104528 0.994522
-152.091410 -18.729321 0.139173 0.990268
-151.746727 -18.790098 0.173648 0.984808
-151.404376 -18.862867 0.207912 0.978148
-151.064772 -18.947540 0.241922 0.970296
-150.728331 -19.044013 0.275637 0.961262
-150.395461 -19.152169 0.309017 0.951057
-150.066568 -19.271876 0.342020 0.939693
-149.742054 -19.402988 0.374607 0.927184
-149.422313 -19.545346 0.406737 0.913545
-149.107735 -19.698776 0.438371 0.898794
-148.798704 -19.863091 0.469472 0.882948
-148.495595 -20.038091 0.500000 0.866025
-148.198778 -20.223563 0.529919 0.848048
-147.908615 -20.419280 0.559193 0.829038
-147.611798 -20.604752 0.529919 0.848048
-147.308689 -20.779752 0.500000 0.866025
-146.999657 -20.944067 0.469472 0.882948
-146.685079 -21.097497 0.438371 0.898794
-146.365339 -21.239855 0.406737 0.913545
-146.040824 -21.370967 0.374607 0.927184
-145.711932 -21.490674 0.342020 0.939693
-145.379062 -21.598830 0.309017 0.951057
-145.042620 -21.695303 0.275637 0.961262
-144.703017 -21.779976 0.241922 0.970296
-144.360665 -21.852745 0.207912 0.978148
-144.015982 -21.913522 0.173648 0.984808
-143.669389 -21.962233 0.139173 0.990268
-143.321306 -21.998817 0.104528 0.994522
-142.972159 -22.023232 0.069756 0.997564
-142.622372 -22.035447 0.034899 0.999391
-142.272372 -22.035447 0.000000 1.000000
-141.922585 -22.023232 -0.034899 0.999391
-141.573438 -21.998817 -0.069756 0.997564
-141.225355 -21.962233 -0.104528 0.994522
-140.878761 -21.913522 -0.139173 0.990268
-140.534078 -21.852745 -0.173648 0.984808
-140.191727 -21.779976 -0.207912 0.978148
-139.852123 -21.695303 -0.241922 0.970296
-139.515682 -21.598830 -0.275637 0.961262
-139.182812 -21.490674 -0.309017 0.951057
-138.853919 -21.370967 -0.342020 0.939693
-138.529405 -21.239855 -0.374607 0.927184
-138.209664 -21.097497 -0.406737 0.913545
-137.895086 -20.944067 -0.438371 0.898794
-137.586055 -20.779752 -0.469472 0.882948
-137.271477 -20.626322 -0.438371 0.898794
-136.951736 -20.483964 -0.406737 0.913545
-136.627221 -20.352852 -0.374607 0.927184
-136.298329 -20.233145 -0.342020 0.939693
-135.965459 -20.124989 -0.309017 0.951057
-135.629018 -20.028516 -0.275637 0.961262
-135.289414 -19.943843 -0.241922 0.970296
-134.947062 -19.871074 -0.207912 0.978148
-134.602380 -19.810297 -0.173648 0.984808
-134.255786 -19.761587 -0.139173 0.990268
-133.907703 -19.725002 -0.104528 0.994522
-133.558556 -19.700587 -0.069756 0.997564
-133.210473 -19.664002 -0.104528 0.994522
-132.863879 -19.615292 -0.139173 0.990268
-132.519197 -19.554515 -0.173648 0.984808
-132.176845 -19.481746 -0.207912 0.978148
-131.837241 -19.397073 -0.241922 0.970296
-131.500800 -19.300600 -0.275637 0.961262
-131.167930 -19.192444 -0.309017 0.951057
-130.839038 -19.072737 -0.342020 0.939693
-130.514523 -18.941625 -0.374607 0.927184
-130.194782 -18.799267 -0.406737 0.913545
-129.880205 -18.645837 -0.438371 0.898794
-129.571173 -18.481522 -0.469472 0.882948
-129.268064 -18.306522 -0.500000 0.866025
-128.971247 -18.121050 -0.529919 0.848048
-128.668138 -17.946050 -0.500000 0.866025
-128.359107 -17.781735 -0.469472 0.882948
-128.044529 -17.628305 -0.438371 0.898794
-127.724788 -17.485947 -0.406737 0.913545
-127.400273 -17.354835 -0.374607 0.927184
-127.071381 -17.235128 -0.342020 0.939693
-126.738511 -17.126972 -0.309017 0.951057
-126.402070 -17.030499 -0.275637 0.961262
-126.062466 -16.945826 -0.241922 0.970296
-125.720114 -16.873057 -0.207912 0.978148
-125.375432 -16.812280 -0.173648 0.984808
-125.028838 -16.763570 -0.139173 0.990268
-124.680755 -16.726985 -0.104528 0.994522
-124.331608 -16.702570 -0.069756 0.997564
-123.981821 -16.690355 -0.034899 0.999391
-123.631821 -16.690355 0.000000 1.000000
-123.282034 -16.702570 0.034899 0.999391
-122.932887 -16.726985 0.069756 0.997564
-122.584804 -16.763570 0.104528 0.994522
-122.238210 -16.812280 0.139173 0.990268
-121.893528 -16.873057 0.173648 0.984808
-121.551176 -16.945826 0.207912 0.978148
-121.211572 -17.030499 0.241922 0.970296
-120.875131 -17.126972 0.275637 0.961262
-120.542261 -17.235128 0.309017 0.951057
-120.213369 -17.354835 0.342020 0.939693
-119.888854 -17.485947 0.374607 0.927184
-119.569113 -17.628305 0.406737 0.913545
-119.254536 -17.781735 0.438371 0.898794
-118.945504 -17.946050 0.469472 0.882948
-118.642395 -18.121050 0.500000 0.866025
-118.345578 -18.306522 0.529919 0.848048
-118.055415 -18.502239 0.559193 0.829038
-117.772259 -18.707964 0.587785 0.809017
-117.496455 -18.923446 0.615661 0.788011
-117.228340 -19.148421 0.642788 0.766044
-116.968239 -19.382617 0.669131 0.743145
-116.716470 -19.625747 0.694658 0.719340
-116.473340 -19.877516 0.719340 0.694658
-116.239144 -20.137617 0.743145 0.669131
-115.996014 -20.389386 0.719340 0.694658
-115.744245 -20.632516 0.694658 0.719340
-115.484144 -20.866712 0.669131 0.743145
-115.216028 -21.091688 0.642788 0.766044
-114.940225 -21.307169 0.615661 0.788011
-114.657069 -21.512894 0.587785 0.809017
-114.366905 -21.708612 0.559193 0.829038
-114.070089 -21.894083 0.529919 0.848048
-113.766980 -22.069083 0.500000 0.866025
-113.457948 -22.233398 0.469472 0.882948
-113.143370 -22.386828 0.438371 0.898794
-112.823629 -22.529186 0.406737 0.913545
-112.499115 -22.660299 0.374607 0.927184
-112.179374 -22.802656 0.406737 0.913545
-111.864796 -22.956086 0.438371 0.898794
-111.555764 -23.120401 0.469472 0.882948
-111.252656 -23.295401 0.500000 0.866025
-110.955839 -23.480873 0.529919 0.848048
-110.665676 -23.676591 0.559193 0.829038
-110.382520 -23.882315 0.587785 0.809017
-110.106716 -24.097797 0.615661 0.788011
-109.838600 -24.322773 0.642788 0.766044
-109.578500 -24.556968 0.669131 0.743145
-109.326731 -24.800099 0.694658 0.719340
-109.083600 -25.051868 0.719340 0.694658
-108.849405 -25.311968 0.743145 0.669131
-108.624429 -25.580084 0.766044 0.642788
-108.408947 -25.855888 0.788011 0.615661
-108.203223 -26.139044 0.809017 0.587785
-108.007505 -26.429207 0.829038 0.559193
-107.822033 -26.726024 0.848048 0.529919
-107.647033 -27.029132 0.866025 0.500000
-107.482718 -27.338164 0.882948 0.469472
-107.329288 -27.652742 0.898794 0.438371
-107.186930 -27.972483 0.913545 0.406737
-107.055818 -28.296997 0.927184 0.374607
-106.936111 -28.625890 0.939693 0.342020
-106.827955 -28.958759 0.951057 0.309017
-106.731482 -29.295201 0.961262 0.275637
-106.646809 -29.634805 0.970296 0.241922
-106.574040 -29.977156 0.978148 0.207912
-106.513263 -30.321839 0.984808 0.173648
-106.464553 -30.668433 0.990268 0.139173
-106.427968 -31.016515 0.994522 0.104528
-106.403553 -31.365663 0.997564 0.069756
-106.391338 -31.715450 0.999391 0.034899
-106.391338 -32.065450 1.000000 0.000000
-106.403553 -32.415236 0.999391 -0.034899
-106.427968 -32.764384 0.997564 -0.069756
-106.464553 -33.112467 0.994522 -0.104528
-106.513263 -33.459060 0.990268 -0.139173
-106.574040 -33.803743 0.984808 -0.173648
-106.646809 -34.146095 0.978148 -0.207912
-106.731482 -34.485698 0.970296 -0.241922
-106.827955 -34.822140 0.961262 -0.275637
-106.936111 -35.155010 0.951057 -0.309017
-107.055818 -35.483902 0.939693 -0.342020
-107.186930 -35.808416 0.927184 -0.374607
-107.329288 -36.128157 0.913545 -0.406737
-107.460401 -36.452672 0.927184 -0.374607
-107.580108 -36.781564 0.939693 -0.342020
-107.688264 -37.114434 0.951057 -0.309017
-107.784737 -37.450875 0.961262 -0.275637
-107.869409 -37.790479 0.970296 -0.241922
-107.942178 -38.132831 0.978148 -0.207912
-108.002955 -38.477513 0.984808 -0.173648
-108.051666 -38.824107 0.990268 -0.139173
-108.088251 -39.172190 0.994522 -0.104528
-108.112666 -39.521337 0.997564 -0.069756
-108.124880 -39.871124 0.999391 -0.034899
-108.124880 -40.221124 1.000000 0.000000
-108.112666 -40.570911 0.999391 0.034899
-108.088251 -40.920058 0.997564 0.069756
-108.051666 -41.268141 0.994522 0.104528
-108.002955 -41.614735 0.990268 0.139173
-107.942178 -41.959417 0.984808 0.173648
-107.869409 -42.301769 0.978148 0.207912
-107.784737 -42.641373 0.970296 0.241922
-107.688264 -42.977814 0.961262 0.275637
-107.580108 -43.310684 0.951057 0.309017
-107.460401 -43.639576 0.939693 0.342020
-107.329288 -43.964091 0.927184 0.374607
-107.186930 -44.283832 0.913545 0.406737
-107.033501 -44.598410 0.898794 0.438371
-106.869186 -44.907441 0.882948 0.469472
-106.694186 -45.210550 0.866025 0.500000
-106.508714 -45.507367 0.848048 0.529919
-106.312996 -45.797530 0.829038 0.559193
-106.107271 -46.080686 0.809017 0.587785
-105.891790 -46.356490 0.788011 0.615661
-105.666814 -46.624605 0.766044 0.642788
-105.432619 -46.884706 0.743145 0.669131
-105.189488 -47.136475 0.719340 0.694658
-104.937719 -47.379605 0.694658 0.719340
-104.677618 -47.613801 0.669131 0.743145
-104.409503 -47.838777 0.642788 0.766044
-104.133699 -48.054258 0.615661 0.788011
-103.850543 -48.259983 0.587785 0.809017
-103.560380 -48.455701 0.559193 0.829038
-103.263563 -48.641172 0.529919 0.848048
-102.960454 -48.816172 0.500000 0.866025
-102.651423 -48.980487 0.469472 0.882948
-102.336845 -49.133917 0.438371 0.898794
-102.017104 -49.276275 0.406737 0.913545
-101.692590 -49.407387 0.374607 0.927184
-101.363697 -49.527095 0.342020 0.939693
-101.030827 -49.635250 0.309017 0.951057
-100.694386 -49.731724 0.275637 0.961262
-100.354782 -49.816396 0.241922 0.970296
-100.012431 -49.889165 0.207912 0.978148
-99.667748 -49.949942 0.173648 0.984808
-99.321154 -49.998653 0.139173 0.990268
-98.973071 -50.035238 0.104528 0.994522
-98.623924 -50.059652 0.069756 0.997564
-98.274137 -50.071867 0.034899 0.999391
-97.924137 -50.071867 0.000000 1.000000
-97.574350 -50.059652 -0.034899 0.999391
-97.225203 -50.035238 -0.069756 0.997564
-96.877120 -49.998653 -0.104528 0.994522
-96.530526 -49.949942 -0.139173 0.990268
-96.185844 -49.889165 -0.173648 0.984808
-95.843492 -49.816396 -0.207912 0.978148
-95.498809 -49.755619 -0.173648 0.984808
-95.152216 -49.706909 -0.139173 0.990268
-94.804133 -49.670324 -0.104528 0.994522
-94.454985 -49.645909 -0.069756 0.997564
-94.105199 -49.633694 -0.034899 0.999391
-93.755199 -49.633694 0.000000 1.000000
-93.405412 -49.645909 0.034899 0.999391
-93.056264 -49.670324 0.069756 0.997564
-92.708182 -49.706909 0.104528 0.994522
-92.361588 -49.755619 0.139173 0.990268
-92.016905 -49.816396 0.173648 0.984808
-91.674554 -49.889165 0.207912 0.978148
-91.334950 -49.973838 0.241922 0.970296
-90.998509 -50.070311 0.275637 0.961262
-90.665639 -50.178467 0.309017 0.951057
-90.336746 -50.298174 0.342020 0.939693
-90.012232 -50.429286 0.374607 0.927184
-89.692491 -50.571644 0.406737 0.913545
-89.377913 -50.725074 0.438371 0.898794
-89.068881 -50.889389 0.469472 0.882948
-88.765773 -51.064389 0.500000 0.866025
-88.468956 -51.249861 0.529919 0.848048
-88.178793 -51.445578 0.559193 0.829038
-87.895637 -51.651303 0.587785 0.809017
-87.619833 -51.866785 0.615661 0.788011
-87.351717 -52.091760 0.642788 0.766044
-87.091617 -52.325956 0.669131 0.743145
-86.823501 -52.550932 0.642788 0.766044
-86.547697 -52.766413 0.615661 0.788011
-86.264541 -52.972138 0.587785 0.809017
-85.974378 -53.167856 0.559193 0.829038
-85.677561 -53.353327 0.529919 0.848048
-85.374453 -53.528327 0.500000 0.866025
-85.065421 -53.692642 0.469472 0.882948
-84.750843 -53.846072 0.438371 0.898794
-84.431102 -53.988430 0.406737 0.913545
-84.106588 -54.119542 0.374607 0.927184
-83.777695 -54.239250 0.342020 0.939693
-83.444825 -54.347405 0.309017 0.951057
-83.108384 -54.443879 0.275637 0.961262
-82.768780 -54.528551 0.241922 0.970296
-82.426429 -54.601320 0.207912 0.978148
-82.081746 -54.662097 0.173648 0.984808
-81.735152 -54.710808 0.139173 0.990268
-81.387070 -54.747393 0.104528 0.994522
-81.037922 -54.771807 0.069756 0.997564
-80.688135 -54.784022 0.034899 0.999391
-80.338135 -54.784022 0.000000 1.000000
-79.988349 -54.771807 -0.034899 0.999391
-79.639201 -54.747393 -0.069756 0.997564
-79.291118 -54.710808 -0.104528 0.994522
-78.944525 -54.662097 -0.139173 0.990268
-78.599842 -54.601320 -0.173648 0.984808
-78.257490 -54.528551 -0.207912 0.978148
-77.917887 -54.443879 -0.241922 0.970296
-77.581445 -54.347405 -0.275637 0.961262
-77.248575 -54.239250 -0.309017 0.951057
-76.919683 -54.119542 -0.342020 0.939693
-76.595169 -53.988430 -0.374607 0.927184
-76.275428 -53.846072 -0.406737 0.913545
